7902
4515
6588
9208
1655
1314
922
2756
8922
8157
5
9846
8178
111
3208
1892
6190
361
9148
7663
189
7234
9397
1889
8824
3515
1672
7718
1740
8960
6567
6408
1154
9114
6603
1378
5885
8305
8237
8438
1520
9295
8513
5034
7785
7728
6815
4204
382
6021
3999
2694
2690
6488
624
382
4
4778
9094
4324
2773
7192
7710
9902
8468
5116
7599
3889
3671
224
5198
9237
3688
3005
2109
3643
8634
9409
7714
9787
3446
319
7120
2837
3382
3217
8900
9273
3885
4568
5694
9491
658
2500
2714
6574
5591
2639
9978
4025
