4
5
111
189
224
319
361
382
382
624
658
922
1154
1314
1378
1520
1655
1672
1740
1889
1892
2109
2500
2639
2690
2694
2714
2756
2773
2837
3005
3208
3217
3382
3446
3515
3643
3671
3688
3885
3889
3999
4025
4204
4324
4515
4568
4778
5034
5116
5198
5591
5694
5885
6021
6190
6408
6488
6567
6574
6588
6603
6815
7120
7192
7234
7599
7663
7710
7714
7718
7728
7785
7902
8157
8178
8237
8305
8438
8468
8513
8634
8824
8900
8922
8960
9094
9114
9148
9208
9237
9273
9295
9397
9409
9491
9787
9846
9902
9978
